# Created by Octave 2.1.33, Thu Dec 05 12:40:34 2002 EST <bindoff@tornado.antcrc.utas.edu.au>
# name: distance
# type: matrix
# rows: 1
# columns: 801
 0 250 500 750 1000 1250 1500 1750 2000 2250 2500 2750 3000 3250 3500 3750 4000 4250 4500 4750 5000 5250 5500 5750 6000 6250 6500 6750 7000 7250 7500 7750 8000 8250 8500 8750 9000 9250 9500 9750 10000 10250 10500 10750 11000 11250 11500 11750 12000 12250 12500 12750 13000 13250 13500 13750 14000 14250 14500 14750 15000 15250 15500 15750 16000 16250 16500 16750 17000 17250 17500 17750 18000 18250 18500 18750 19000 19250 19500 19750 20000 20250 20500 20750 21000 21250 21500 21750 22000 22250 22500 22750 23000 23250 23500 23750 24000 24250 24500 24750 25000 25250 25500 25750 26000 26250 26500 26750 27000 27250 27500 27750 28000 28250 28500 28750 29000 29250 29500 29750 30000 30250 30500 30750 31000 31250 31500 31750 32000 32250 32500 32750 33000 33250 33500 33750 34000 34250 34500 34750 35000 35250 35500 35750 36000 36250 36500 36750 37000 37250 37500 37750 38000 38250 38500 38750 39000 39250 39500 39750 40000 40250 40500 40750 41000 41250 41500 41750 42000 42250 42500 42750 43000 43250 43500 43750 44000 44250 44500 44750 45000 45250 45500 45750 46000 46250 46500 46750 47000 47250 47500 47750 48000 48250 48500 48750 49000 49250 49500 49750 50000 50250 50500 50750 51000 51250 51500 51750 52000 52250 52500 52750 53000 53250 53500 53750 54000 54250 54500 54750 55000 55250 55500 55750 56000 56250 56500 56750 57000 57250 57500 57750 58000 58250 58500 58750 59000 59250 59500 59750 60000 60250 60500 60750 61000 61250 61500 61750 62000 62250 62500 62750 63000 63250 63500 63750 64000 64250 64500 64750 65000 65250 65500 65750 66000 66250 66500 66750 67000 67250 67500 67750 68000 68250 68500 68750 69000 69250 69500 69750 70000 70250 70500 70750 71000 71250 71500 71750 72000 72250 72500 72750 73000 73250 73500 73750 74000 74250 74500 74750 75000 75250 75500 75750 76000 76250 76500 76750 77000 77250 77500 77750 78000 78250 78500 78750 79000 79250 79500 79750 80000 80250 80500 80750 81000 81250 81500 81750 82000 82250 82500 82750 83000 83250 83500 83750 84000 84250 84500 84750 85000 85250 85500 85750 86000 86250 86500 86750 87000 87250 87500 87750 88000 88250 88500 88750 89000 89250 89500 89750 90000 90250 90500 90750 91000 91250 91500 91750 92000 92250 92500 92750 93000 93250 93500 93750 94000 94250 94500 94750 95000 95250 95500 95750 96000 96250 96500 96750 97000 97250 97500 97750 98000 98250 98500 98750 99000 99250 99500 99750 100000 100250 100500 100750 101000 101250 101500 101750 102000 102250 102500 102750 103000 103250 103500 103750 104000 104250 104500 104750 105000 105250 105500 105750 106000 106250 106500 106750 107000 107250 107500 107750 108000 108250 108500 108750 109000 109250 109500 109750 110000 110250 110500 110750 111000 111250 111500 111750 112000 112250 112500 112750 113000 113250 113500 113750 114000 114250 114500 114750 115000 115250 115500 115750 116000 116250 116500 116750 117000 117250 117500 117750 118000 118250 118500 118750 119000 119250 119500 119750 120000 120250 120500 120750 121000 121250 121500 121750 122000 122250 122500 122750 123000 123250 123500 123750 124000 124250 124500 124750 125000 125250 125500 125750 126000 126250 126500 126750 127000 127250 127500 127750 128000 128250 128500 128750 129000 129250 129500 129750 130000 130250 130500 130750 131000 131250 131500 131750 132000 132250 132500 132750 133000 133250 133500 133750 134000 134250 134500 134750 135000 135250 135500 135750 136000 136250 136500 136750 137000 137250 137500 137750 138000 138250 138500 138750 139000 139250 139500 139750 140000 140250 140500 140750 141000 141250 141500 141750 142000 142250 142500 142750 143000 143250 143500 143750 144000 144250 144500 144750 145000 145250 145500 145750 146000 146250 146500 146750 147000 147250 147500 147750 148000 148250 148500 148750 149000 149250 149500 149750 150000 150250 150500 150750 151000 151250 151500 151750 152000 152250 152500 152750 153000 153250 153500 153750 154000 154250 154500 154750 155000 155250 155500 155750 156000 156250 156500 156750 157000 157250 157500 157750 158000 158250 158500 158750 159000 159250 159500 159750 160000 160250 160500 160750 161000 161250 161500 161750 162000 162250 162500 162750 163000 163250 163500 163750 164000 164250 164500 164750 165000 165250 165500 165750 166000 166250 166500 166750 167000 167250 167500 167750 168000 168250 168500 168750 169000 169250 169500 169750 170000 170250 170500 170750 171000 171250 171500 171750 172000 172250 172500 172750 173000 173250 173500 173750 174000 174250 174500 174750 175000 175250 175500 175750 176000 176250 176500 176750 177000 177250 177500 177750 178000 178250 178500 178750 179000 179250 179500 179750 180000 180250 180500 180750 181000 181250 181500 181750 182000 182250 182500 182750 183000 183250 183500 183750 184000 184250 184500 184750 185000 185250 185500 185750 186000 186250 186500 186750 187000 187250 187500 187750 188000 188250 188500 188750 189000 189250 189500 189750 190000 190250 190500 190750 191000 191250 191500 191750 192000 192250 192500 192750 193000 193250 193500 193750 194000 194250 194500 194750 195000 195250 195500 195750 196000 196250 196500 196750 197000 197250 197500 197750 198000 198250 198500 198750 199000 199250 199500 199750 200000
# name: pressure
# type: matrix
# rows: 1
# columns: 801
 100 100 100 100 100 100 100 100 100 100 100 100 100 100 100 100 100 100 100 100 100 100 100 100 100 100 100 100 100 100 100 100 100 100 100 100 100 100 100 100 100 100 100 100 100 100 100 100 100 100 100 100 100 100 100 100 100 100 100 100 100 100 100 100 100 100 100 100 100 100 100 100 100 100 100 100 100 100 100 100 100 100 100 100 100 100 100 100 100 100 100 100 100 100 100 100 100 100 100 100 100 100.074999062508 100.2999850005 100.674924068195 101.199760031997 101.874414184551 102.698785364418 103.672749981351 104.796162047181 106.068853212282 107.49063280762 109.06128789236 110.78058330702 112.648261732148 114.664043752511 116.827627926757 119.138690862553 121.596887297136 124.201850183287 126.953190780664 129.850498752496 132.893342267565 136.081268107485 139.413801779196 142.890447632671 146.510688983775 150.273988242234 154.17978704468 158.227506392715 162.416546795954 166.746288419991 171.216091239244 175.825295194618 180.573220355942 185.459167089113 190.482416227893 195.642229250312 200.937848459591 206.368497169554 211.933379894433 217.63168254303 223.462572617157 229.425199414271 235.518694234275 241.742170590367 248.094724423905 254.575434323186 261.183361746091 267.917551246493 274.777030704376 281.760811559573 288.86788904905 296.097242447654 303.447835312246 310.918615729137 318.508516564741 326.216455719368 334.041336384069 341.982047300445 350.037463023338 358.206444186315 366.487837769864 374.880477372196 383.383183482592 391.994763757174 400.714013297038 409.53971492864 418.470639486347 427.505546097073 436.643182466894 445.88228516955 455.221579936754 464.659781950206 474.195596135215 483.827717455843 493.554831211471 503.375613334702 513.288730690498 523.292841376457 533.386595024142 543.568633101366 553.837589215332 564.192089416544 574.63075250339 585.152190327299 595.755008098386 606.437804691488 617.199172952494 628.03770000489 638.951967556402 649.940552205668 661.002025748836 672.134955486003 683.33790452739 694.609432099176 705.948093848906 717.35244215036 728.821026407821 740.352393359635 751.945087380984 763.597650785785 775.308624127626 787.076546499654 798.899955833334 810.777389195992 822.707383087057 834.68847373293 846.71919738038 858.798090588413 870.92369051851 883.094535223167 895.309163932667 907.566117339988 919.863937883794 932.201170029419 944.576360547777 956.988058792128 969.434816972625 981.915190428581 994.427737898367 1006.97102178691 1019.54360843067 1032.14406836012 1044.77097655955 1057.42291272423 1070.09846151481 1082.79621280899 1095.51476195022 1108.25270999358 1121.00866394867 1133.78123701948 1146.56904884113 1159.37072571361 1172.1849008322 1185.01021451478 1197.8453144258 1210.68885579699 1223.53950164467 1236.39592298365 1249.25679903774 1262.12081744675 1274.98667446993 1287.85307518592 1300.71873368909 1313.58237328219 1326.44272666547 1339.29853612199 1352.14855369926 1364.99154138717 1377.82627129209 1390.65152580723 1403.46609777912 1416.2687906703 1429.05841871815 1441.83380708982 1454.59379203326 1467.33722102438 1480.06295291022 1492.76985804825 1505.45681844168 1518.12272787085 1530.76649202059 1543.38702860364 1555.98326748016 1568.55415077313 1581.09863297986 1593.61568107946 1606.10427463639 1618.56340589996 1630.99207989986 1643.38931453776 1655.75414067489 1668.08560221566 1680.3827561874 1692.64467281601 1704.87043559783 1717.0591413675 1729.20990036191 1741.32183628032 1753.39408634051 1765.42580133118 1777.4161456604 1789.36429740033 1801.26944832808 1813.13080396278 1824.94758359899 1836.71902033626 1848.44436110506 1860.12286668897 1871.75381174331 1883.33648481004 1894.87018832914 1906.35423864639 1917.78796601761 1929.17071460944 1940.50184249661 1951.78072165579 1963.00673795606 1974.17929114598 1985.29779483734 1996.36167648567 2007.37037736745 2018.32335255407 2029.22007088276 2040.0600149242 2050.84268094718 2061.56757888016 2072.23423226983 2082.84217823667 2093.39096742765 2103.88016396602 2114.30934539824 2124.67810263821 2134.98603990866 2145.23277467989 2155.41793760588 2165.54117245778 2175.60213605481 2185.60049819274 2195.53594156981 2205.40816171034 2215.21686688588 2224.96177803416 2234.64262867567 2244.25916482808 2253.81114491855 2263.2983396938 2272.72053212823 2282.07751732997 2291.36910244502 2300.59510655943 2309.75536059961 2318.84970723091 2327.87800075438 2336.84010700179 2345.73590322911 2354.56527800829 2363.32813111747 2372.02437342979 2380.65392680065 2389.21672395363 2397.71270836501 2406.14183414701 2414.50406592982 2422.79937874235 2431.02775789189 2439.18919884268 2447.28370709333 2455.31129805338 2463.27199691883 2471.16583854671 2478.99286732893 2486.75313706521 2494.44671083531 2502.07366087053 2509.63406842452 2517.12802364354 2524.55562543604 2531.91698134188 2539.21220740086 2546.44142802103 2553.60477584643 2560.7023916246 2567.73442407374 2574.70102974966 2581.60237291241 2588.43862539289 2595.20996645916 2601.91658268284 2608.55866780531 2615.13642260398 2621.6500547586 2628.09977871759 2634.48581556452 2640.80839288477 2647.06774463226 2653.26411099656 2659.39773827014 2665.468878716 2671.47779043553 2677.42473723686 2683.30998850354 2689.13381906364 2694.89650905937 2700.59834381715 2706.2396137183 2711.82061407013 2717.3416449778 2722.80301121672 2728.20502210555 2733.54799138003 2738.83223706734 2744.05808136134 2749.22585049849 2754.33587463462 2759.38848772243 2764.38402738992 2769.3228348196 2774.20525462869 2779.03163475009 2783.80232631441 2788.51768353286 2793.17806358119 2797.78382648455 2802.33533500341 2806.83295452049 2811.27705292877 2815.66800052049 2820.00616987734 2824.29193576169 2828.52567500891 2832.70776642088 2836.83859066062 2840.91853014806 2844.94796895701 2848.92729271332 2852.85688849419 2856.73714472873 2860.56845109976 2864.35119844675 2868.0857786701 2871.7725846366 2875.41201008619 2879.00444953993 2882.55029820929 2886.04995190673 2889.50380695747 2892.91226011269 2896.27570846387 2899.59454935859 2902.86918031749 2906.09999895262 2909.28740288709 2912.43178967599 2915.53355672869 2918.59310123241 2921.61082007709 2924.58710978166 2927.52236642151 2930.41698555739 2933.27136216555 2936.08589056924 2938.86096437148 2941.59697638919 2944.29431858858 2946.95338202192 2949.57455676549 2952.15823185897 2954.70479524602 2957.21463371619 2959.68813284812 2962.12567695403 2964.52764902542 2966.89443068012 2969.22640211056 2971.52394203332 2973.78742763985 2976.01723454858 2978.21373675811 2980.37730660171 2982.50831470304 2984.60712993303 2986.67411936802 2988.70964824905 2990.71407994231 2992.68777590088 2994.63109562747 2996.54439663845 2998.42803442893 3000.28236243905 3002.10773202131 3003.90449240912 3005.67299068633 3007.41357175792 3009.12657832178 3010.81235084152 3012.47122752035 3014.10354427598 3015.70963471662 3017.28983011792 3018.84445940095 3020.37384911121 3021.87832339855 3023.35820399814 3024.81381021232 3026.24545889346 3027.65346442771 3029.0381387197 3030.39979117812 3031.7387287022 3033.0552556691 3034.34967392211 3035.62228275976 3036.87337892573 3038.10325659963 3039.31220738852 3040.50052031935 3041.66848183206 3042.81637577352 3043.94448339223 3045.0530833338 3046.14245163703 3047.2128617309 3048.26458443212 3049.29788794342 3050.31303785257 3051.31029713198 3052.28992613903 3053.252182617 3054.19732169661 3055.12559589827 3056.03725513478 3056.93254671478 3057.81171534665 3058.67500314305 3059.52264962596 3060.3548917323 3061.17196382004 3061.97409767487 3062.76152251729 3063.53446501026 3064.2931492673 3065.03779686106 3065.76862683231 3066.48585569941 3067.18969746818 3067.88036364222 3068.55806323354 3069.22300277373 3069.87538632536 3070.51541549386 3071.14328943969 3071.7592048909 3072.36335615595 3072.955935137 3073.53713134334 3074.10713190522 3074.66612158799 3075.21428280646 3075.75179563955 3076.27883784522 3076.79558487565 3077.30220989263 3077.7988837832 3078.28577517554 3078.76305045502 3079.23087378046 3079.68940710065 3080.13881017096 3080.57924057019 3081.01085371754 3081.43380288981 3081.84823923865 3082.25431180802 3082.65216755178 3083.04195135136 3083.42380603359 3083.79787238863 3084.16428918796 3084.52319320252 3084.87471922093 3085.21900006769 3085.55616662163 3085.88634783423 3086.20967074817 3086.52626051577 3086.83624041761 3087.13973188111 3087.43685449917 3087.72772604878 3088.01246250975 3088.29117808336 3088.56398521107 3088.83099459318 3089.09231520756 3089.34805432827 3089.5983175443 3089.84320877811 3090.08283030434 3090.31728276832 3090.54666520467 3090.77107505577 3090.99060819024 3091.20535892137 3091.41542002544 3091.62088276005 3091.82183688238 3092.0183706673 3092.21057092557 3092.39852302178 3092.58231089238 3092.7620170635 3092.9377226688 3093.10950746711 3093.27744986012 3093.44162690983 3093.60211435604 3093.75898663365 3093.91231688986 3094.06217700137 3094.20863759132 3094.35176804623 3094.4916365328 3094.6283100146 3094.76185426862 3094.8923339017 3095.01981236693 3095.14435197978 3095.26601393423 3095.38485831873 3095.50094413201 3095.6143292988 3095.72507068542 3095.83322411519 3095.93884438378 3096.04198527435 3096.14269957265 3096.24103908186 3096.33705463744 3096.43079612168 3096.52231247829 3096.61165172667 3096.69886097619 3096.78398644024 3096.86707345019 3096.94816646916 3097.02730910567 3097.10454412718 3097.17991347346 3097.25345826977 3097.32521884001 3097.39523471961 3097.46354466832 3097.53018668293 3097.59519800971 3097.6586151568 3097.72047390646 3097.78080932712 3097.83965578532 3097.89704695751 3097.95301584173 3098.00759476908 3098.06081541511 3098.11270881105 3098.16330535489 3098.21263482235 3098.26072637764 3098.30760858419 3098.35330941513 3098.39785626371 3098.44127595354 3098.48359474871 3098.5248383638 3098.56503197368 3098.60420022326 3098.64236723703 3098.67955662857 3098.71579150978 3098.75109450013 3098.78548773569 3098.81899287803 3098.85163112307 3098.88342320968 3098.91438942825 3098.94454962914 3098.97392323088 3099.00252922845 3099.03038620122 3099.05751232093 3099.08392535949 3099.10964269662 3099.13468132747 3099.15905787003 3099.18278857245 3099.20588932029 3099.2283756436 3099.2502627239 3099.27156540107 3099.29229818011 3099.3124752378 3099.33211042924 3099.35121729429 3099.36980906391 3099.38789866637 3099.40549873342 3099.42262160625 3099.43927934147 3099.45548371689 3099.47124623726 3099.48657813989 3099.50149040018 3099.51599373704 3099.53009861825 3099.54381526566 3099.55715366042 3099.57012354793 3099.58273444292 3099.59499563427 3099.6069161898 3099.61850496103 3099.62977058774 3099.64072150256 3099.65136593539 3099.66171191781 3099.67176728734 3099.68153969167 3099.69103659279 3099.70026527106 3099.70923282918 3099.71794619612 3099.72641213091 3099.73463722644 3099.74262791314 3099.75039046257 3099.75793099101 3099.76525546291 3099.77236969432 3099.77927935622 3099.7859899778 3099.79250694969 3099.79883552709 3099.80498083288 3099.81094786064 3099.8167414776 3099.82236642757 3099.82782733378 3099.83312870167 3099.83827492161 3099.84327027162 3099.84811891994 3099.85282492763 3099.8573922511 3099.86182474453 3099.86612616232 3099.87030016144 3099.87435030374 3099.87828005823 3099.88209280327 3099.88579182876 3099.88938033827 3099.89286145108 3099.89623820425 3099.89951355461 3099.9026903807 3099.90577148464 3099.90875959405 3099.91165736385 3099.91446737803 3099.91719215141 3099.91983413133 3099.92239569933 3099.92487917279 3099.92728680651 3099.92962079425 3099.93188327031 3099.93407631095 3099.9362019359 3099.93826210977 3099.94025874342 3099.94219369535 3099.94406877301 3099.94588573407 3099.94764628777 3099.94935209606 3099.95100477489 3099.95260589534 3099.95415698481 3099.95565952811 3099.9571149686 3099.95852470924 3099.95989011364 3099.9612125071 3099.96249317762 3099.96373337682 3099.96493432097 3099.96609719187 3099.96722313777 3099.96831327427 3099.96936868515 3099.97039042329 3099.97137951138 3099.97233694284 3099.97326368251 3099.9741606675 3099.97502880785 3099.97586898732 3099.97668206407 3099.97746887139 3099.97823021832 3099.97896689034 3099.97967965001 3099.98036923759 3099.98103637166 3099.98168174971 3099.9823060487 3099.98290992567 3099.98349401823 3099.98405894516 3099.98460530689 3099.98513368602 3099.98564464782
# name: depth
# type: matrix
# rows: 1
# columns: 801
 -100 -100 -100 -100 -100 -100 -100 -100 -100 -100 -100 -100 -100 -100 -100 -100 -100 -100 -100 -100 -100 -100 -100 -100 -100 -100 -100 -100 -100 -100 -100 -100 -100 -100 -100 -100 -100 -100 -100 -100 -100 -100 -100 -100 -100 -100 -100 -100 -100 -100 -100 -100 -100 -100 -100 -100 -100 -100 -100 -100 -100 -100 -100 -100 -100 -100 -100 -100 -100 -100 -100 -100 -100 -100 -100 -100 -100 -100 -100 -100 -100 -100 -100 -100 -100 -100 -100 -100 -100 -100 -100 -100 -100 -100 -100 -100 -100 -100 -100 -100 -100 -100.074999062508 -100.2999850005 -100.674924068195 -101.199760031997 -101.874414184551 -102.698785364418 -103.672749981351 -104.796162047181 -106.068853212282 -107.49063280762 -109.06128789236 -110.78058330702 -112.648261732148 -114.664043752511 -116.827627926757 -119.138690862553 -121.596887297136 -124.201850183287 -126.953190780664 -129.850498752496 -132.893342267565 -136.081268107485 -139.413801779196 -142.890447632671 -146.510688983775 -150.273988242234 -154.17978704468 -158.227506392715 -162.416546795954 -166.746288419991 -171.216091239244 -175.825295194618 -180.573220355942 -185.459167089113 -190.482416227893 -195.642229250312 -200.937848459591 -206.368497169554 -211.933379894433 -217.63168254303 -223.462572617157 -229.425199414271 -235.518694234275 -241.742170590367 -248.094724423905 -254.575434323186 -261.183361746091 -267.917551246493 -274.777030704376 -281.760811559573 -288.86788904905 -296.097242447654 -303.447835312246 -310.918615729137 -318.508516564741 -326.216455719368 -334.041336384069 -341.982047300445 -350.037463023338 -358.206444186315 -366.487837769864 -374.880477372196 -383.383183482592 -391.994763757174 -400.714013297038 -409.53971492864 -418.470639486347 -427.505546097073 -436.643182466894 -445.88228516955 -455.221579936754 -464.659781950206 -474.195596135215 -483.827717455843 -493.554831211471 -503.375613334702 -513.288730690498 -523.292841376457 -533.386595024142 -543.568633101366 -553.837589215332 -564.192089416544 -574.63075250339 -585.152190327299 -595.755008098386 -606.437804691488 -617.199172952494 -628.03770000489 -638.951967556402 -649.940552205668 -661.002025748836 -672.134955486003 -683.33790452739 -694.609432099176 -705.948093848906 -717.35244215036 -728.821026407821 -740.352393359635 -751.945087380984 -763.597650785785 -775.308624127626 -787.076546499654 -798.899955833334 -810.777389195992 -822.707383087057 -834.68847373293 -846.71919738038 -858.798090588413 -870.92369051851 -883.094535223167 -895.309163932667 -907.566117339988 -919.863937883794 -932.201170029419 -944.576360547777 -956.988058792128 -969.434816972625 -981.915190428581 -994.427737898367 -1006.97102178691 -1019.54360843067 -1032.14406836012 -1044.77097655955 -1057.42291272423 -1070.09846151481 -1082.79621280899 -1095.51476195022 -1108.25270999358 -1121.00866394867 -1133.78123701948 -1146.56904884113 -1159.37072571361 -1172.1849008322 -1185.01021451478 -1197.8453144258 -1210.68885579699 -1223.53950164467 -1236.39592298365 -1249.25679903774 -1262.12081744675 -1274.98667446993 -1287.85307518592 -1300.71873368909 -1313.58237328219 -1326.44272666547 -1339.29853612199 -1352.14855369926 -1364.99154138717 -1377.82627129209 -1390.65152580723 -1403.46609777912 -1416.2687906703 -1429.05841871815 -1441.83380708982 -1454.59379203326 -1467.33722102438 -1480.06295291022 -1492.76985804825 -1505.45681844168 -1518.12272787085 -1530.76649202059 -1543.38702860364 -1555.98326748016 -1568.55415077313 -1581.09863297986 -1593.61568107946 -1606.10427463639 -1618.56340589996 -1630.99207989986 -1643.38931453776 -1655.75414067489 -1668.08560221566 -1680.3827561874 -1692.64467281601 -1704.87043559783 -1717.0591413675 -1729.20990036191 -1741.32183628032 -1753.39408634051 -1765.42580133118 -1777.4161456604 -1789.36429740033 -1801.26944832808 -1813.13080396278 -1824.94758359899 -1836.71902033626 -1848.44436110506 -1860.12286668897 -1871.75381174331 -1883.33648481004 -1894.87018832914 -1906.35423864639 -1917.78796601761 -1929.17071460944 -1940.50184249661 -1951.78072165579 -1963.00673795606 -1974.17929114598 -1985.29779483734 -1996.36167648567 -2007.37037736745 -2018.32335255407 -2029.22007088276 -2040.0600149242 -2050.84268094718 -2061.56757888016 -2072.23423226983 -2082.84217823667 -2093.39096742765 -2103.88016396602 -2114.30934539824 -2124.67810263821 -2134.98603990866 -2145.23277467989 -2155.41793760588 -2165.54117245778 -2175.60213605481 -2185.60049819274 -2195.53594156981 -2205.40816171034 -2215.21686688588 -2224.96177803416 -2234.64262867567 -2244.25916482808 -2253.81114491855 -2263.2983396938 -2272.72053212823 -2282.07751732997 -2291.36910244502 -2300.59510655943 -2309.75536059961 -2318.84970723091 -2327.87800075438 -2336.84010700179 -2345.73590322911 -2354.56527800829 -2363.32813111747 -2372.02437342979 -2380.65392680065 -2389.21672395363 -2397.71270836501 -2406.14183414701 -2414.50406592982 -2422.79937874235 -2431.02775789189 -2439.18919884268 -2447.28370709333 -2455.31129805338 -2463.27199691883 -2471.16583854671 -2478.99286732893 -2486.75313706521 -2494.44671083531 -2502.07366087053 -2509.63406842452 -2517.12802364354 -2524.55562543604 -2531.91698134188 -2539.21220740086 -2546.44142802103 -2553.60477584643 -2560.7023916246 -2567.73442407374 -2574.70102974966 -2581.60237291241 -2588.43862539289 -2595.20996645916 -2601.91658268284 -2608.55866780531 -2615.13642260398 -2621.6500547586 -2628.09977871759 -2634.48581556452 -2640.80839288477 -2647.06774463226 -2653.26411099656 -2659.39773827014 -2665.468878716 -2671.47779043553 -2677.42473723686 -2683.30998850354 -2689.13381906364 -2694.89650905937 -2700.59834381715 -2706.2396137183 -2711.82061407013 -2717.3416449778 -2722.80301121672 -2728.20502210555 -2733.54799138003 -2738.83223706734 -2744.05808136134 -2749.22585049849 -2754.33587463462 -2759.38848772243 -2764.38402738992 -2769.3228348196 -2774.20525462869 -2779.03163475009 -2783.80232631441 -2788.51768353286 -2793.17806358119 -2797.78382648455 -2802.33533500341 -2806.83295452049 -2811.27705292877 -2815.66800052049 -2820.00616987734 -2824.29193576169 -2828.52567500891 -2832.70776642088 -2836.83859066062 -2840.91853014806 -2844.94796895701 -2848.92729271332 -2852.85688849419 -2856.73714472873 -2860.56845109976 -2864.35119844675 -2868.0857786701 -2871.7725846366 -2875.41201008619 -2879.00444953993 -2882.55029820929 -2886.04995190673 -2889.50380695747 -2892.91226011269 -2896.27570846387 -2899.59454935859 -2902.86918031749 -2906.09999895262 -2909.28740288709 -2912.43178967599 -2915.53355672869 -2918.59310123241 -2921.61082007709 -2924.58710978166 -2927.52236642151 -2930.41698555739 -2933.27136216555 -2936.08589056924 -2938.86096437148 -2941.59697638919 -2944.29431858858 -2946.95338202192 -2949.57455676549 -2952.15823185897 -2954.70479524602 -2957.21463371619 -2959.68813284812 -2962.12567695403 -2964.52764902542 -2966.89443068012 -2969.22640211056 -2971.52394203332 -2973.78742763985 -2976.01723454858 -2978.21373675811 -2980.37730660171 -2982.50831470304 -2984.60712993303 -2986.67411936802 -2988.70964824905 -2990.71407994231 -2992.68777590088 -2994.63109562747 -2996.54439663845 -2998.42803442893 -3000.28236243905 -3002.10773202131 -3003.90449240912 -3005.67299068633 -3007.41357175792 -3009.12657832178 -3010.81235084152 -3012.47122752035 -3014.10354427598 -3015.70963471662 -3017.28983011792 -3018.84445940095 -3020.37384911121 -3021.87832339855 -3023.35820399814 -3024.81381021232 -3026.24545889346 -3027.65346442771 -3029.0381387197 -3030.39979117812 -3031.7387287022 -3033.0552556691 -3034.34967392211 -3035.62228275976 -3036.87337892573 -3038.10325659963 -3039.31220738852 -3040.50052031935 -3041.66848183206 -3042.81637577352 -3043.94448339223 -3045.0530833338 -3046.14245163703 -3047.2128617309 -3048.26458443212 -3049.29788794342 -3050.31303785257 -3051.31029713198 -3052.28992613903 -3053.252182617 -3054.19732169661 -3055.12559589827 -3056.03725513478 -3056.93254671478 -3057.81171534665 -3058.67500314305 -3059.52264962596 -3060.3548917323 -3061.17196382004 -3061.97409767487 -3062.76152251729 -3063.53446501026 -3064.2931492673 -3065.03779686106 -3065.76862683231 -3066.48585569941 -3067.18969746818 -3067.88036364222 -3068.55806323354 -3069.22300277373 -3069.87538632536 -3070.51541549386 -3071.14328943969 -3071.7592048909 -3072.36335615595 -3072.955935137 -3073.53713134334 -3074.10713190522 -3074.66612158799 -3075.21428280646 -3075.75179563955 -3076.27883784522 -3076.79558487565 -3077.30220989263 -3077.7988837832 -3078.28577517554 -3078.76305045502 -3079.23087378046 -3079.68940710065 -3080.13881017096 -3080.57924057019 -3081.01085371754 -3081.43380288981 -3081.84823923865 -3082.25431180802 -3082.65216755178 -3083.04195135136 -3083.42380603359 -3083.79787238863 -3084.16428918796 -3084.52319320252 -3084.87471922093 -3085.21900006769 -3085.55616662163 -3085.88634783423 -3086.20967074817 -3086.52626051577 -3086.83624041761 -3087.13973188111 -3087.43685449917 -3087.72772604878 -3088.01246250975 -3088.29117808336 -3088.56398521107 -3088.83099459318 -3089.09231520756 -3089.34805432827 -3089.5983175443 -3089.84320877811 -3090.08283030434 -3090.31728276832 -3090.54666520467 -3090.77107505577 -3090.99060819024 -3091.20535892137 -3091.41542002544 -3091.62088276005 -3091.82183688238 -3092.0183706673 -3092.21057092557 -3092.39852302178 -3092.58231089238 -3092.7620170635 -3092.9377226688 -3093.10950746711 -3093.27744986012 -3093.44162690983 -3093.60211435604 -3093.75898663365 -3093.91231688986 -3094.06217700137 -3094.20863759132 -3094.35176804623 -3094.4916365328 -3094.6283100146 -3094.76185426862 -3094.8923339017 -3095.01981236693 -3095.14435197978 -3095.26601393423 -3095.38485831873 -3095.50094413201 -3095.6143292988 -3095.72507068542 -3095.83322411519 -3095.93884438378 -3096.04198527435 -3096.14269957265 -3096.24103908186 -3096.33705463744 -3096.43079612168 -3096.52231247829 -3096.61165172667 -3096.69886097619 -3096.78398644024 -3096.86707345019 -3096.94816646916 -3097.02730910567 -3097.10454412718 -3097.17991347346 -3097.25345826977 -3097.32521884001 -3097.39523471961 -3097.46354466832 -3097.53018668293 -3097.59519800971 -3097.6586151568 -3097.72047390646 -3097.78080932712 -3097.83965578532 -3097.89704695751 -3097.95301584173 -3098.00759476908 -3098.06081541511 -3098.11270881105 -3098.16330535489 -3098.21263482235 -3098.26072637764 -3098.30760858419 -3098.35330941513 -3098.39785626371 -3098.44127595354 -3098.48359474871 -3098.5248383638 -3098.56503197368 -3098.60420022326 -3098.64236723703 -3098.67955662857 -3098.71579150978 -3098.75109450013 -3098.78548773569 -3098.81899287803 -3098.85163112307 -3098.88342320968 -3098.91438942825 -3098.94454962914 -3098.97392323088 -3099.00252922845 -3099.03038620122 -3099.05751232093 -3099.08392535949 -3099.10964269662 -3099.13468132747 -3099.15905787003 -3099.18278857245 -3099.20588932029 -3099.2283756436 -3099.2502627239 -3099.27156540107 -3099.29229818011 -3099.3124752378 -3099.33211042924 -3099.35121729429 -3099.36980906391 -3099.38789866637 -3099.40549873342 -3099.42262160625 -3099.43927934147 -3099.45548371689 -3099.47124623726 -3099.48657813989 -3099.50149040018 -3099.51599373704 -3099.53009861825 -3099.54381526566 -3099.55715366042 -3099.57012354793 -3099.58273444292 -3099.59499563427 -3099.6069161898 -3099.61850496103 -3099.62977058774 -3099.64072150256 -3099.65136593539 -3099.66171191781 -3099.67176728734 -3099.68153969167 -3099.69103659279 -3099.70026527106 -3099.70923282918 -3099.71794619612 -3099.72641213091 -3099.73463722644 -3099.74262791314 -3099.75039046257 -3099.75793099101 -3099.76525546291 -3099.77236969432 -3099.77927935622 -3099.7859899778 -3099.79250694969 -3099.79883552709 -3099.80498083288 -3099.81094786064 -3099.8167414776 -3099.82236642757 -3099.82782733378 -3099.83312870167 -3099.83827492161 -3099.84327027162 -3099.84811891994 -3099.85282492763 -3099.8573922511 -3099.86182474453 -3099.86612616232 -3099.87030016144 -3099.87435030374 -3099.87828005823 -3099.88209280327 -3099.88579182876 -3099.88938033827 -3099.89286145108 -3099.89623820425 -3099.89951355461 -3099.9026903807 -3099.90577148464 -3099.90875959405 -3099.91165736385 -3099.91446737803 -3099.91719215141 -3099.91983413133 -3099.92239569933 -3099.92487917279 -3099.92728680651 -3099.92962079425 -3099.93188327031 -3099.93407631095 -3099.9362019359 -3099.93826210977 -3099.94025874342 -3099.94219369535 -3099.94406877301 -3099.94588573407 -3099.94764628777 -3099.94935209606 -3099.95100477489 -3099.95260589534 -3099.95415698481 -3099.95565952811 -3099.9571149686 -3099.95852470924 -3099.95989011364 -3099.9612125071 -3099.96249317762 -3099.96373337682 -3099.96493432097 -3099.96609719187 -3099.96722313777 -3099.96831327427 -3099.96936868515 -3099.97039042329 -3099.97137951138 -3099.97233694284 -3099.97326368251 -3099.9741606675 -3099.97502880785 -3099.97586898732 -3099.97668206407 -3099.97746887139 -3099.97823021832 -3099.97896689034 -3099.97967965001 -3099.98036923759 -3099.98103637166 -3099.98168174971 -3099.9823060487 -3099.98290992567 -3099.98349401823 -3099.98405894516 -3099.98460530689 -3099.98513368602 -3099.98564464782
# name: theta
# type: matrix
# rows: 1
# columns: 801
 -1.8 -1.798375 -1.79675 -1.795125 -1.7935 -1.791875 -1.79025 -1.788625 -1.787 -1.785375 -1.78375 -1.782125 -1.7805 -1.778875 -1.77725 -1.775625 -1.774 -1.772375 -1.77075 -1.769125 -1.7675 -1.765875 -1.76425 -1.762625 -1.761 -1.759375 -1.75775 -1.756125 -1.7545 -1.752875 -1.75125 -1.749625 -1.748 -1.746375 -1.74475 -1.743125 -1.7415 -1.739875 -1.73825 -1.736625 -1.735 -1.733375 -1.73175 -1.730125 -1.7285 -1.726875 -1.72525 -1.723625 -1.722 -1.720375 -1.71875 -1.717125 -1.7155 -1.713875 -1.71225 -1.710625 -1.709 -1.707375 -1.70575 -1.704125 -1.7025 -1.700875 -1.69925 -1.697625 -1.696 -1.694375 -1.69275 -1.691125 -1.6895 -1.687875 -1.68625 -1.684625 -1.683 -1.681375 -1.67975 -1.678125 -1.6765 -1.674875 -1.67325 -1.671625 -1.67 -1.668375 -1.66675 -1.665125 -1.6635 -1.661875 -1.66025 -1.658625 -1.657 -1.655375 -1.65375 -1.652125 -1.6505 -1.648875 -1.64725 -1.645625 -1.644 -1.642375 -1.64075 -1.639125 -1.6375 -1.635875 -1.63425 -1.632625 -1.631 -1.629375 -1.62775 -1.626125 -1.6245 -1.622875 -1.62125 -1.619625 -1.618 -1.616375 -1.61475 -1.613125 -1.6115 -1.609875 -1.60825 -1.606625 -1.605 -1.603375 -1.60175 -1.600125 -1.5985 -1.596875 -1.59525 -1.593625 -1.592 -1.590375 -1.58875 -1.587125 -1.5855 -1.583875 -1.58225 -1.580625 -1.579 -1.577375 -1.57575 -1.574125 -1.5725 -1.570875 -1.56925 -1.567625 -1.566 -1.564375 -1.56275 -1.561125 -1.5595 -1.557875 -1.55625 -1.554625 -1.553 -1.551375 -1.54975 -1.548125 -1.5465 -1.544875 -1.54325 -1.541625 -1.54 -1.538375 -1.53675 -1.535125 -1.5335 -1.531875 -1.53025 -1.528625 -1.527 -1.525375 -1.52375 -1.522125 -1.5205 -1.518875 -1.51725 -1.515625 -1.514 -1.512375 -1.51075 -1.509125 -1.5075 -1.505875 -1.50425 -1.502625 -1.501 -1.499375 -1.49775 -1.496125 -1.4945 -1.492875 -1.49125 -1.489625 -1.488 -1.486375 -1.48475 -1.483125 -1.4815 -1.479875 -1.47825 -1.476625 -1.475 -1.473375 -1.47175 -1.470125 -1.4685 -1.466875 -1.46525 -1.463625 -1.462 -1.460375 -1.45875 -1.457125 -1.4555 -1.453875 -1.45225 -1.450625 -1.449 -1.447375 -1.44575 -1.444125 -1.4425 -1.440875 -1.43925 -1.437625 -1.436 -1.434375 -1.43275 -1.431125 -1.4295 -1.427875 -1.42625 -1.424625 -1.423 -1.421375 -1.41975 -1.418125 -1.4165 -1.414875 -1.41325 -1.411625 -1.41 -1.408375 -1.40675 -1.405125 -1.4035 -1.401875 -1.40025 -1.398625 -1.397 -1.395375 -1.39375 -1.392125 -1.3905 -1.388875 -1.38725 -1.385625 -1.384 -1.382375 -1.38075 -1.379125 -1.3775 -1.375875 -1.37425 -1.372625 -1.371 -1.369375 -1.36775 -1.366125 -1.3645 -1.362875 -1.36125 -1.359625 -1.358 -1.356375 -1.35475 -1.353125 -1.3515 -1.349875 -1.34825 -1.346625 -1.345 -1.343375 -1.34175 -1.340125 -1.3385 -1.336875 -1.33525 -1.333625 -1.332 -1.330375 -1.32875 -1.327125 -1.3255 -1.323875 -1.32225 -1.320625 -1.319 -1.317375 -1.31575 -1.314125 -1.3125 -1.310875 -1.30925 -1.307625 -1.306 -1.304375 -1.30275 -1.301125 -1.2995 -1.297875 -1.29625 -1.294625 -1.293 -1.291375 -1.28975 -1.288125 -1.2865 -1.284875 -1.28325 -1.281625 -1.28 -1.278375 -1.27675 -1.275125 -1.2735 -1.271875 -1.27025 -1.268625 -1.267 -1.265375 -1.26375 -1.262125 -1.2605 -1.258875 -1.25725 -1.255625 -1.254 -1.252375 -1.25075 -1.249125 -1.2475 -1.245875 -1.24425 -1.242625 -1.241 -1.239375 -1.23775 -1.236125 -1.2345 -1.232875 -1.23125 -1.229625 -1.228 -1.226375 -1.22475 -1.223125 -1.2215 -1.219875 -1.21825 -1.216625 -1.215 -1.213375 -1.21175 -1.210125 -1.2085 -1.206875 -1.20525 -1.203625 -1.202 -1.200375 -1.19875 -1.197125 -1.1955 -1.193875 -1.19225 -1.190625 -1.189 -1.187375 -1.18575 -1.184125 -1.1825 -1.180875 -1.17925 -1.177625 -1.176 -1.174375 -1.17275 -1.171125 -1.1695 -1.167875 -1.16625 -1.164625 -1.163 -1.161375 -1.15975 -1.158125 -1.1565 -1.154875 -1.15325 -1.151625 -1.15 -1.148375 -1.14675 -1.145125 -1.1435 -1.141875 -1.14025 -1.138625 -1.137 -1.135375 -1.13375 -1.132125 -1.1305 -1.128875 -1.12725 -1.125625 -1.124 -1.122375 -1.12075 -1.119125 -1.1175 -1.115875 -1.11425 -1.112625 -1.111 -1.109375 -1.10775 -1.106125 -1.1045 -1.102875 -1.10125 -1.099625 -1.098 -1.096375 -1.09475 -1.093125 -1.0915 -1.089875 -1.08825 -1.086625 -1.085 -1.083375 -1.08175 -1.080125 -1.0785 -1.076875 -1.07525 -1.073625 -1.072 -1.070375 -1.06875 -1.067125 -1.0655 -1.063875 -1.06225 -1.060625 -1.059 -1.057375 -1.05575 -1.054125 -1.0525 -1.050875 -1.04925 -1.047625 -1.046 -1.044375 -1.04275 -1.041125 -1.0395 -1.037875 -1.03625 -1.034625 -1.033 -1.031375 -1.02975 -1.028125 -1.0265 -1.024875 -1.02325 -1.021625 -1.02 -1.018375 -1.01675 -1.015125 -1.0135 -1.011875 -1.01025 -1.008625 -1.007 -1.005375 -1.00375 -1.002125 -1.0005 -0.998875 -0.99725 -0.995625 -0.994 -0.992375 -0.99075 -0.989125 -0.9875 -0.985875 -0.98425 -0.982625 -0.981 -0.979375 -0.97775 -0.976125 -0.9745 -0.972875 -0.97125 -0.969625 -0.968 -0.966375 -0.96475 -0.963125 -0.9615 -0.959875 -0.95825 -0.956625 -0.955 -0.953375 -0.95175 -0.950125 -0.9485 -0.946875 -0.94525 -0.943625 -0.942 -0.940375 -0.93875 -0.937125 -0.9355 -0.933875 -0.93225 -0.930625 -0.929 -0.927375 -0.92575 -0.924125 -0.9225 -0.920875 -0.91925 -0.917625 -0.916 -0.914375 -0.91275 -0.911125 -0.9095 -0.907875 -0.90625 -0.904625 -0.903 -0.901375 -0.89975 -0.898125 -0.8965 -0.894875 -0.89325 -0.891625 -0.89 -0.888375 -0.88675 -0.885125 -0.8835 -0.881875 -0.88025 -0.878625 -0.877 -0.875375 -0.87375 -0.872125 -0.8705 -0.868875 -0.86725 -0.865625 -0.864 -0.862375 -0.86075 -0.859125 -0.8575 -0.855875 -0.85425 -0.852625 -0.851 -0.849375 -0.84775 -0.846125 -0.8445 -0.842875 -0.84125 -0.839625 -0.838 -0.836375 -0.83475 -0.833125 -0.8315 -0.829875 -0.82825 -0.826625 -0.825 -0.823375 -0.82175 -0.820125 -0.8185 -0.816875 -0.81525 -0.813625 -0.812 -0.810375 -0.80875 -0.807125 -0.8055 -0.803875 -0.80225 -0.800625 -0.799 -0.797375 -0.79575 -0.794125 -0.7925 -0.790875 -0.78925 -0.787625 -0.786 -0.784375 -0.78275 -0.781125 -0.7795 -0.777875 -0.77625 -0.774625 -0.773 -0.771375 -0.76975 -0.768125 -0.7665 -0.764875 -0.76325 -0.761625 -0.76 -0.758375 -0.75675 -0.755125 -0.7535 -0.751875 -0.75025 -0.748625 -0.747 -0.745375 -0.74375 -0.742125 -0.7405 -0.738875 -0.73725 -0.735625 -0.734 -0.732375 -0.73075 -0.729125 -0.7275 -0.725875 -0.72425 -0.722625 -0.721 -0.719375 -0.71775 -0.716125 -0.7145 -0.712875 -0.71125 -0.709625 -0.708 -0.706375 -0.70475 -0.703125 -0.7015 -0.699875 -0.69825 -0.696625 -0.695 -0.693375 -0.69175 -0.690125 -0.6885 -0.686875 -0.68525 -0.683625 -0.682 -0.680375 -0.67875 -0.677125 -0.6755 -0.673875 -0.67225 -0.670625 -0.669 -0.667375 -0.66575 -0.664125 -0.6625 -0.660875 -0.65925 -0.657625 -0.656 -0.654375 -0.65275 -0.651125 -0.6495 -0.647875 -0.64625 -0.644625 -0.643 -0.641375 -0.63975 -0.638125 -0.6365 -0.634875 -0.63325 -0.631625 -0.63 -0.628375 -0.62675 -0.625125 -0.6235 -0.621875 -0.62025 -0.618625 -0.617 -0.615375 -0.61375 -0.612125 -0.6105 -0.608875 -0.60725 -0.605625 -0.604 -0.602375 -0.60075 -0.599125 -0.5975 -0.595875 -0.59425 -0.592625 -0.591 -0.589375 -0.58775 -0.586125 -0.5845 -0.582875 -0.58125 -0.579625 -0.578 -0.576375 -0.57475 -0.573125 -0.5715 -0.569875 -0.56825 -0.566625 -0.565 -0.563375 -0.56175 -0.560125 -0.5585 -0.556875 -0.55525 -0.553625 -0.552 -0.550375 -0.54875 -0.547125 -0.5455 -0.543875 -0.54225 -0.540625 -0.539 -0.537375 -0.53575 -0.534125 -0.5325 -0.530875 -0.52925 -0.527625 -0.526 -0.524375 -0.52275 -0.521125 -0.5195 -0.517875 -0.51625 -0.514625 -0.513 -0.511375 -0.50975 -0.508125 -0.5065 -0.504875 -0.50325 -0.501625 -0.5
# name: salt
# type: matrix
# rows: 1
# columns: 801
 34.5 34.500125 34.50025 34.500375 34.5005 34.500625 34.50075 34.500875 34.501 34.501125 34.50125 34.501375 34.5015 34.501625 34.50175 34.501875 34.502 34.502125 34.50225 34.502375 34.5025 34.502625 34.50275 34.502875 34.503 34.503125 34.50325 34.503375 34.5035 34.503625 34.50375 34.503875 34.504 34.504125 34.50425 34.504375 34.5045 34.504625 34.50475 34.504875 34.505 34.505125 34.50525 34.505375 34.5055 34.505625 34.50575 34.505875 34.506 34.506125 34.50625 34.506375 34.5065 34.506625 34.50675 34.506875 34.507 34.507125 34.50725 34.507375 34.5075 34.507625 34.50775 34.507875 34.508 34.508125 34.50825 34.508375 34.5085 34.508625 34.50875 34.508875 34.509 34.509125 34.50925 34.509375 34.5095 34.509625 34.50975 34.509875 34.51 34.510125 34.51025 34.510375 34.5105 34.510625 34.51075 34.510875 34.511 34.511125 34.51125 34.511375 34.5115 34.511625 34.51175 34.511875 34.512 34.512125 34.51225 34.512375 34.5125 34.512625 34.51275 34.512875 34.513 34.513125 34.51325 34.513375 34.5135 34.513625 34.51375 34.513875 34.514 34.514125 34.51425 34.514375 34.5145 34.514625 34.51475 34.514875 34.515 34.515125 34.51525 34.515375 34.5155 34.515625 34.51575 34.515875 34.516 34.516125 34.51625 34.516375 34.5165 34.516625 34.51675 34.516875 34.517 34.517125 34.51725 34.517375 34.5175 34.517625 34.51775 34.517875 34.518 34.518125 34.51825 34.518375 34.5185 34.518625 34.51875 34.518875 34.519 34.519125 34.51925 34.519375 34.5195 34.519625 34.51975 34.519875 34.52 34.520125 34.52025 34.520375 34.5205 34.520625 34.52075 34.520875 34.521 34.521125 34.52125 34.521375 34.5215 34.521625 34.52175 34.521875 34.522 34.522125 34.52225 34.522375 34.5225 34.522625 34.52275 34.522875 34.523 34.523125 34.52325 34.523375 34.5235 34.523625 34.52375 34.523875 34.524 34.524125 34.52425 34.524375 34.5245 34.524625 34.52475 34.524875 34.525 34.525125 34.52525 34.525375 34.5255 34.525625 34.52575 34.525875 34.526 34.526125 34.52625 34.526375 34.5265 34.526625 34.52675 34.526875 34.527 34.527125 34.52725 34.527375 34.5275 34.527625 34.52775 34.527875 34.528 34.528125 34.52825 34.528375 34.5285 34.528625 34.52875 34.528875 34.529 34.529125 34.52925 34.529375 34.5295 34.529625 34.52975 34.529875 34.53 34.530125 34.53025 34.530375 34.5305 34.530625 34.53075 34.530875 34.531 34.531125 34.53125 34.531375 34.5315 34.531625 34.53175 34.531875 34.532 34.532125 34.53225 34.532375 34.5325 34.532625 34.53275 34.532875 34.533 34.533125 34.53325 34.533375 34.5335 34.533625 34.53375 34.533875 34.534 34.534125 34.53425 34.534375 34.5345 34.534625 34.53475 34.534875 34.535 34.535125 34.53525 34.535375 34.5355 34.535625 34.53575 34.535875 34.536 34.536125 34.53625 34.536375 34.5365 34.536625 34.53675 34.536875 34.537 34.537125 34.53725 34.537375 34.5375 34.537625 34.53775 34.537875 34.538 34.538125 34.53825 34.538375 34.5385 34.538625 34.53875 34.538875 34.539 34.539125 34.53925 34.539375 34.5395 34.539625 34.53975 34.539875 34.54 34.540125 34.54025 34.540375 34.5405 34.540625 34.54075 34.540875 34.541 34.541125 34.54125 34.541375 34.5415 34.541625 34.54175 34.541875 34.542 34.542125 34.54225 34.542375 34.5425 34.542625 34.54275 34.542875 34.543 34.543125 34.54325 34.543375 34.5435 34.543625 34.54375 34.543875 34.544 34.544125 34.54425 34.544375 34.5445 34.544625 34.54475 34.544875 34.545 34.545125 34.54525 34.545375 34.5455 34.545625 34.54575 34.545875 34.546 34.546125 34.54625 34.546375 34.5465 34.546625 34.54675 34.546875 34.547 34.547125 34.54725 34.547375 34.5475 34.547625 34.54775 34.547875 34.548 34.548125 34.54825 34.548375 34.5485 34.548625 34.54875 34.548875 34.549 34.549125 34.54925 34.549375 34.5495 34.549625 34.54975 34.549875 34.55 34.550125 34.55025 34.550375 34.5505 34.550625 34.55075 34.550875 34.551 34.551125 34.55125 34.551375 34.5515 34.551625 34.55175 34.551875 34.552 34.552125 34.55225 34.552375 34.5525 34.552625 34.55275 34.552875 34.553 34.553125 34.55325 34.553375 34.5535 34.553625 34.55375 34.553875 34.554 34.554125 34.55425 34.554375 34.5545 34.554625 34.55475 34.554875 34.555 34.555125 34.55525 34.555375 34.5555 34.555625 34.55575 34.555875 34.556 34.556125 34.55625 34.556375 34.5565 34.556625 34.55675 34.556875 34.557 34.557125 34.55725 34.557375 34.5575 34.557625 34.55775 34.557875 34.558 34.558125 34.55825 34.558375 34.5585 34.558625 34.55875 34.558875 34.559 34.559125 34.55925 34.559375 34.5595 34.559625 34.55975 34.559875 34.56 34.560125 34.56025 34.560375 34.5605 34.560625 34.56075 34.560875 34.561 34.561125 34.56125 34.561375 34.5615 34.561625 34.56175 34.561875 34.562 34.562125 34.56225 34.562375 34.5625 34.562625 34.56275 34.562875 34.563 34.563125 34.56325 34.563375 34.5635 34.563625 34.56375 34.563875 34.564 34.564125 34.56425 34.564375 34.5645 34.564625 34.56475 34.564875 34.565 34.565125 34.56525 34.565375 34.5655 34.565625 34.56575 34.565875 34.566 34.566125 34.56625 34.566375 34.5665 34.566625 34.56675 34.566875 34.567 34.567125 34.56725 34.567375 34.5675 34.567625 34.56775 34.567875 34.568 34.568125 34.56825 34.568375 34.5685 34.568625 34.56875 34.568875 34.569 34.569125 34.56925 34.569375 34.5695 34.569625 34.56975 34.569875 34.57 34.570125 34.57025 34.570375 34.5705 34.570625 34.57075 34.570875 34.571 34.571125 34.57125 34.571375 34.5715 34.571625 34.57175 34.571875 34.572 34.572125 34.57225 34.572375 34.5725 34.572625 34.57275 34.572875 34.573 34.573125 34.57325 34.573375 34.5735 34.573625 34.57375 34.573875 34.574 34.574125 34.57425 34.574375 34.5745 34.574625 34.57475 34.574875 34.575 34.575125 34.57525 34.575375 34.5755 34.575625 34.57575 34.575875 34.576 34.576125 34.57625 34.576375 34.5765 34.576625 34.57675 34.576875 34.577 34.577125 34.57725 34.577375 34.5775 34.577625 34.57775 34.577875 34.578 34.578125 34.57825 34.578375 34.5785 34.578625 34.57875 34.578875 34.579 34.579125 34.57925 34.579375 34.5795 34.579625 34.57975 34.579875 34.58 34.580125 34.58025 34.580375 34.5805 34.580625 34.58075 34.580875 34.581 34.581125 34.58125 34.581375 34.5815 34.581625 34.58175 34.581875 34.582 34.582125 34.58225 34.582375 34.5825 34.582625 34.58275 34.582875 34.583 34.583125 34.58325 34.583375 34.5835 34.583625 34.58375 34.583875 34.584 34.584125 34.58425 34.584375 34.5845 34.584625 34.58475 34.584875 34.585 34.585125 34.58525 34.585375 34.5855 34.585625 34.58575 34.585875 34.586 34.586125 34.58625 34.586375 34.5865 34.586625 34.58675 34.586875 34.587 34.587125 34.58725 34.587375 34.5875 34.587625 34.58775 34.587875 34.588 34.588125 34.58825 34.588375 34.5885 34.588625 34.58875 34.588875 34.589 34.589125 34.58925 34.589375 34.5895 34.589625 34.58975 34.589875 34.59 34.590125 34.59025 34.590375 34.5905 34.590625 34.59075 34.590875 34.591 34.591125 34.59125 34.591375 34.5915 34.591625 34.59175 34.591875 34.592 34.592125 34.59225 34.592375 34.5925 34.592625 34.59275 34.592875 34.593 34.593125 34.59325 34.593375 34.5935 34.593625 34.59375 34.593875 34.594 34.594125 34.59425 34.594375 34.5945 34.594625 34.59475 34.594875 34.595 34.595125 34.59525 34.595375 34.5955 34.595625 34.59575 34.595875 34.596 34.596125 34.59625 34.596375 34.5965 34.596625 34.59675 34.596875 34.597 34.597125 34.59725 34.597375 34.5975 34.597625 34.59775 34.597875 34.598 34.598125 34.59825 34.598375 34.5985 34.598625 34.59875 34.598875 34.599 34.599125 34.59925 34.599375 34.5995 34.599625 34.59975 34.599875 34.6
# name: slope
# type: matrix
# rows: 1
# columns: 801
 0 0 0 0 0 0 0 0 0 0 0 0 0 0 0 0 0 0 0 0 0 0 0 0 0 0 0 0 0 0 0 0 0 0 0 0 0 0 0 0 0 0 0 0 0 0 0 0 0 0 0 0 0 0 0 0 0 0 0 0 0 0 0 0 0 0 0 0 0 0 0 0 0 0 0 0 0 0 0 0 0 0 0 0 0 0 0 0 0 0 0 0 0 0 0 0 0 0 0 0 0 0.000299996250030745 0.000899943751968749 0.00149975627077947 0.00209934385520864 0.00269861661021787 0.0032974847194655 0.0038958584677348 0.00449364826331839 0.00509076466040278 0.00568711838135278 0.00628262033895953 0.00687718165864135 0.00747071370051162 0.00806312808145049 0.00865433669698541 0.00924425174318458 0.00983278573833195 0.0104198515446024 0.011005362389511 0.0115892318873248 0.012171374060279 0.0127517033596796 0.0133301346868411 0.0139065834139019 0.0144809654044147 0.0150531970338361 0.0156231952097842 0.0161908773921405 0.0167561616129551 0.0173189664961483 0.0178792112770116 0.0184368158214984 0.0189917006452961 0.0195437869326815 0.0200929965551222 0.0206392520896734 0.0211824768371189 0.02172259483985 0.0222595308995151 0.022793210594391 0.0233235602965051 0.0238505071884574 0.0243739792800152 0.0248939054243692 0.0254102153341501 0.0259228395971259 0.0264317096916202 0.0269367580016078 0.0274379178315321 0.0279351234207861 0.0284283099579079 0.0289174135944177 0.0294023714583691 0.0298831216675626 0.0303596033424146 0.0308317566185087 0.0312995226588064 0.0317628436655032 0.0322216628915703 0.0326759246519105 0.0331255743341935 0.0335705584093284 0.0340108244415842 0.0344463210983286 0.0348769981594578 0.0353028065264043 0.0357236982308295 0.0361396264429059 0.0365505454792838 0.0369564108106206 0.0373571790688165 0.0377528080538086 0.038143256740037 0.0385284852825098 0.0389084550225125 0.0392831284929252 0.0396524694231848 0.0400164427438358 0.0403750145907416 0.0407281523088932 0.0410758244558656 0.0414180008048479 0.0417546523473848 0.0420857512956354 0.0424112710843492 0.0427311863724044 0.0430454730440269 0.0433541082095835 0.0436570702060471 0.0439543385970628 0.0442458941726745 0.0445317189486686 0.0448117961655462 0.045086110287144 0.0453546469989178 0.0456173932058173 0.0458743370298453 0.0461254678072564 0.0463707760853958 0.0466102536192047 0.0468438933673642 0.0470716894881098 0.0472936373347202 0.0475097334506318 0.0477199755642614 0.0479243625834897 0.0481228945898001 0.0483155728321344 0.0485023997203862 0.0486833788186304 0.0488585148379989 0.0490278136292836 0.0491912821752248 0.0493489285824999 0.0495007620734305 0.0496467929774026 0.0497870327219916 0.0499214938238219 0.0500501898791463 0.0501731355541579 0.0502903465750514 0.0504018397178043 0.0505076327977167 0.0506077446587033 0.0507021951623492 0.0507910051767149 0.0508741965649069 0.0509517921734432 0.0510238158203792 0.0510902922832165 0.0511512472866216 0.0512067074899078 0.0512567004743532 0.0513012547303042 0.0513403996440893 0.0513741654847736 0.0514025833907044 0.0514256853559227 0.051443504216385 0.0514560736360318 0.0514634280927157 0.0514656028639729 0.0514626340126497 0.0514545583724166 0.0514414135331226 0.0514232378260594 0.0514000703090833 0.0513719507516435 0.0513389196197022 0.0513010180605506 0.0512582878875382 0.0512107715647198 0.0511585121914095 0.051101553486682 0.0510399397737765 0.0509737159644619 0.0509029275433495 0.0508276205521224 0.0507478415737523 0.0506636377166815 0.0505750565989301 0.0504821463322251 0.0503849555060815 0.0502835331718743 0.0501779288268945 0.0500681923984148 0.0499543742277374 0.0498365250542711 0.0497146959996053 0.0495889385515948 0.049459304548498 0.0493258461631067 0.0491886158869356 0.0490476665144433 0.0489030511272949 0.0487548230786724 0.0486030359776505 0.048447743673617 0.0482890002407685 0.0481268599626737 0.0479613773168967 0.0477926069597306 0.0476206037109714 0.047445422538819 0.0472671185448498 0.0470857469490838 0.0469013630751679 0.0467140223356437 0.0465237802173551 0.0463306922669281 0.0461348140764057 0.0459362012689853 0.0457349094848805 0.0455309943673219 0.0453245115486825 0.0451155166367416 0.0449040652010863 0.044690212759655 0.0444740147654456 0.0442555265933343 0.044034803527089 0.043811900746512 0.0435868733147427 0.0433597761657475 0.0431306640919274 0.0428995917319444 0.0426666135586765 0.0424317838673614 0.0421951567639226 0.0419567861534579 0.0417167257288947 0.0414750289598833 0.0412317490817804 0.0409869390849199 0.0407406517039744 0.0404929394075898 0.0402438543881344 0.0399934485517115 0.039741773508289 0.0394888805621013 0.0392348207021769 0.0389796445931133 0.03872340256602 0.0384661446096761 0.038207920361876 0.0379487791009869 0.0376887697377006 0.0374279408069742 0.0371663404602186 0.0369040164576163 0.0366410161607255 0.0363773865252151 0.036113174093849 0.0358484249896537 0.0355831849093047 0.0353174991166907 0.0350514124367182 0.0347849692492819 0.0345182134834649 0.0342511886119246 0.0339839376455056 0.033716503128011 0.0334489271312323 0.0331812512501092 0.0329135165981788 0.0326457638031243 0.0323780330026038 0.032110363840231 0.0318427954617728 0.031575366511519 0.0313081151288734 0.0310410789451325 0.0307742950804186 0.0305078001408765 0.0302416302159691 0.029975820876045 0.0297104071700287 0.0294454236233396 0.0291809042359491 0.0289168824806693 0.0286533913015865 0.0283904631126716 0.0281281297965888 0.0278664227036643 0.0276053726510163 0.0273450099218862 0.0270853642650964 0.0268264648947225 0.0265683404898718 0.0263110191946962 0.0260545286184752 0.025798895835951 0.0255441473877436 0.0252903092809665 0.025037406989959 0.024785465457202 0.0245345090943501 0.0242845617834173 0.0240356468781247 0.0237877872053414 0.0235410050667124 0.0232953222403885 0.0230507599829016 0.0228073390311547 0.0225650796045702 0.0223240014073162 0.0220841236307024 0.0218454649556588 0.0216080435553522 0.0213718770979031 0.0211369827492326 0.0209033771759896 0.0206710765486241 0.0204400965445111 0.0202104523512426 0.0199821586699418 0.0197552297187522 0.0195296792363515 0.0193055204855991 0.0190827662572628 0.0188614288738117 0.0186415201933214 0.0184230516134412 0.0182060340754397 0.0179904780683337 0.0177763936330903 0.0175637903668794 0.0173526774274251 0.0171430635373981 0.0169349569888818 0.0167283656478885 0.0165232969589524 0.0163197579497537 0.0161177552358149 0.0159172950252287 0.015718383123467 0.0155210249381817 0.0153252254841082 0.0151309893879588 0.0149383208933996 0.0147472238660121 0.0145577017983433 0.014369757814944 0.0141833946774605 0.0139986147897398 0.0138154202029782 0.0136338126208593 0.0134537934047457 0.0132753635788849 0.0130985238355952 0.0129232745405207 0.0127496157378591 0.0125775471556026 0.0124070682108104 0.0122381780148662 0.0120708753787367 0.0119051588182629 0.0117410265594008 0.0115784765435219 0.0114175064326555 0.0112581136147564 0.0111002952089584 0.010944048070829 0.0107893687975884 0.0106362537333425 0.0104846989742873 0.0103347003739182 0.0101862535481869 0.0100393538806784 0.00989399652774409 0.00975017642362582 0.00960788828555087 0.0094671266188052 0.00932788572178288 0.00919015969101201 0.00905394242614238 0.00891922763491857 0.00878600883810759 0.0086542793744029 0.00852403240531385 0.00839526091997504 0.00826795773996673 0.00814211552408779 0.0080177267730669 0.0078947838342774 0.00777327890636843 0.00765320404390513 0.00753455116191981 0.00741731204045936 0.00730147832906732 0.00718704155123669 0.0070739931088192 0.00696232428636358 0.00685202625545571 0.00674309007897136 0.00663550671530174 0.00652926702252989 0.00642436176255615 0.00632078160518176 0.00621851713213073 0.00611755884103877 0.00601789714938059 0.00591952239835882 0.00582242485672214 0.00572659472455234 0.00563202213700242 0.00553869716795816 0.00544660983367066 0.00535575009633067 0.00526610786759375 0.00517767301203821 0.00509043535059391 0.00500438466388914 0.00491951069557945 0.00483580315558902 0.00475325172332487 0.0046718460508182 0.00459157576582584 0.00451243047487515 0.00443439976625268 0.00435747321293456 0.00428164037548049 0.00420689080485499 0.00413321404520684 0.00406059963659391 0.00398903711765161 0.00391851602821225 0.00384902591186074 0.00378055631846655 0.00371309680661761 0.00364663694605406 0.00358116632000019 0.00351667452748552 0.00345315118558574 0.00339058593163281 0.00332896842535411 0.00326828835098786 0.00320853541931319 0.00314969936966372 0.00309176997187387 0.00303473702816882 0.0029785903750344 0.00292331988499973 0.00286891546840707 0.00281536707510895 0.0027626646961362 0.00271079836529316 0.00265975816074752 0.00260953420652368 0.00256011667400344 0.00251149578333025 0.00246366180480618 0.00241660506023254 0.00237031592419771 0.00232478482533406 0.00228000224752941 0.00223595873109116 0.00219264487387227 0.00215005133235172 0.00210816882268955 0.00206698812171817 0.00202650006791009 0.0019866955622947 0.00194756556936409 0.00190910111789526 0.00187129330177231 0.00183413328076313 0.00179761228124335 0.00176172159690759 0.0017264525894243 0.001691796689076 0.00165774539534686 0.00162429027748112 0.00159142297502876 0.00155913519831665 0.00152741872893239 0.00149626542014812 0.00146566719732436 0.00143561605827199 0.00140610407361055 0.00137712338706115 0.00134866621574292 0.00132072485042045 0.0012932916557329 0.00126635907039599 0.00123991960737112 0.00121396585401817 0.00118849047221011 0.0011634861984403 0.00113894584388254 0.00111486229445472 0.00109122851083157 0.00106803752845008 0.00104528245750043 0.00102295648286781 0.00100105286409234 0.000979564935252711 0.000958486104907934 0.000937809855931846 0.00091752974539304 0.000897639404400252 0.000878132537900456 0.000859002924507877 0.0008402444162748 0.000821850938456919 0.00080381648929324 0.000786135139707767 0.000768801033063937 0.000751808384851756 0.000735151482385845 0.000718824684498031 0.000702822421182645 0.000687139193260009 0.00067176957202355 0.000656708198854176 0.000641949784847384 0.000627489110409442 0.000613321024868128 0.000599440446030712 0.000585842359783783 0.000572521819640315 0.000559473946303115 0.000546693927204615 0.000534177016052126 0.00052191853234217 0.000509913860907545 0.000498158451397103 0.000486647817813719 0.000475377537995882 0.000464343253117477 0.000453540667178459 0.000442965546470077 0.000432613719083747 0.000422481074339885 0.000412563562298601 0.000402857193181262 0.000393358036861173 0.000384062222292414 0.000374965936982335 0.000366065426414934 0.000357356993517897 0.000348836998084153 0.000340501856224364 0.000332348039801218 0.000324372075850988 0.000316570546037838 0.000308940086062648 0.000301477385108228 0.000294179185268149 0.000287042280957394 0.00028006351836666 0.000273239794862093 0.000266568058430494 0.000260045307106338 0.000253668588378787 0.000247434998647805 0.000241341682625716 0.000235385832786051 0.000229564688781466 0.000223875536881678 0.000218315709395029 0.000212882584120962 0.000207573583760677 0.000202386175378706 0.000197317869822655 0.00019236622117387 0.000187528826194466 0.000182803323754342 0.000178187394305496 0.00017367875931086 0.000169275180709519 0.000164974460361918 0.000160774439524175 0.000156672998300564 0.000152668055099639 0.000148757566130371 0.000144939524836445 0.000141211961406952 0.000137572942234328 0.000134020569394124 0.000130552980150242 0.000127168346425606 0.000123864874301944 0.000120640803525021 0.000117494406989863 0.000114423990260548 0.000111427891073617 0.00010850447885241 0.000105652154223208 0.00010286934854048 0.000100154523408492 9.75061702229141e-05 9.49228096851584e-05 9.2402991363997e-05 8.99452932299027e-05 8.75483211948449e-05 8.52107086830074e-05 8.29311161742226e-05 8.07082307692326e-05 7.85407657585893e-05 7.64274601951911e-05 7.43670784577262e-05 7.23584098559513e-05 7.04002681814018e-05 6.84914913290413e-05 6.66309408770758e-05 6.48175016794994e-05 6.30500814822881e-05 6.13276105250407e-05 5.96490411571722e-05 5.80133474486502e-05 5.64195248225587e-05 5.48665896749299e-05 5.33535790054884e-05 5.18795500611304e-05 5.0443579966668e-05 4.90447653810406e-05 4.76822221371549e-05 4.63550849053718e-05 4.50625068442605e-05 4.38036592749995e-05 4.25777313394065e-05 4.1383929677977e-05 4.02214781079238e-05 3.90896173012152e-05 3.79876044789853e-05 3.69147130859346e-05 3.58702325083868e-05 3.48534677541466e-05 3.38637391632801e-05 3.29003821261722e-05 3.19627467724786e-05 3.10501977182867e-05 3.01621137605252e-05 2.92978876132111e-05 2.84569256436953e-05 2.76386475925392e-05 2.68424863224936e-05 2.60678875547455e-05 2.53143096088024e-05 2.45812231732998e-05 2.38681110295147e-05 2.31744678403629e-05 2.24997998811887e-05 2.18436248360376e-05 2.12054715429986e-05 2.05848797777435e-05 1.9981400026154e-05 1.93945932733186e-05 1.88240307797969e-05 1.82692938651599e-05 1.77299737133581e-05 1.72056711598998e-05 1.66959964808484e-05 1.62005692163802e-05 1.57190179597819e-05 1.52509801664564e-05 1.47961019720242e-05 1.43540380122431e-05 1.39244512283767e-05 1.35070126962091e-05 1.31014014550601e-05 1.2707304331343e-05 1.23244157657609e-05 1.19524376623303e-05 1.15910792046634e-05 1.12400567213626e-05 1.0899093504122e-05 1.05679196713027e-05 1.02462720151379e-05 9.93389384893817e-06 9.63053485793353e-06 9.33595097376383e-06 9.04990421440743e-06 8.77216256048996e-06 8.5024998170411e-06 8.24069548252737e-06 7.98653461606591e-06 7.73980772100913e-06 7.50031060124456e-06 7.26784426296945e-06 7.0422147782665e-06 6.82323317596456e-06 6.6107153215853e-06 6.40448181366082e-06 6.20435786731832e-06 6.01017320514075e-06 5.82176195348438e-06 5.63896254607243e-06 5.4616176039417e-06 5.28957386450202e-06 5.12268205602595e-06 4.96079681579431e-06 4.80377660278464e-06 4.65148359398881e-06 4.50378359892056e-06 4.3605459813989e-06 4.22164355586574e-06 4.08695252554026e-06 3.95635237873648e-06 3.82972582519869e-06 3.70695870697091e-06 3.58793993473228e-06 3.47256139139063e-06 3.36071787933179e-06 3.25230703856505e-06 3.14722927942057e-06 3.0453877079708e-06 2.94668806964182e-06 2.85103867099679e-06 2.75835032698524e-06 2.66853628818353e-06 2.58151218804414e-06 2.49719597559306e-06 2.41550786086009e-06 2.33637025849021e-06 2.25970772771689e-06 2.18544691597344e-06 2.11351651887526e-06 2.04384720564121e-06
