# Created by Octave 2.1.33, Sat Sep 07 12:25:41 2002 EST <bindoff@tornado.antcrc.utas.edu.au>
# name: lambda
# type: scalar
0.001
# name: g
# type: matrix
# rows: 1
# columns: 101
 0 0.0327151548815307 0.0979276460665564 0.162489096801421 0.225973493598981 0.287966712803889 0.34807101842018 0.405909307997413 0.461129043229598 0.513405808110047 0.562446444739049 0.607991725026774 0.649818525379972 0.687741480801342 0.721614104451487 0.751329368408173 0.776819750892712 0.798056764414882 0.815049987923419 0.827845633968893 0.836524688937219 0.841200670473564 0.842017051189758 0.839144401568427 0.832777307606502 0.823131120173535 0.810438593318159 0.794946467888672 0.776912054913895 0.756599870313986 0.734278368789272 0.710216820296016 0.68468236749683 0.657937297113365 0.63023655235263 0.601825507670146 0.572938021206398 0.543794774419132 0.514601902846113 0.485549916676597 0.456812904970758 0.428548013016999 0.400895178511721 0.373977109021764 0.347899480567806 0.322751335151892 0.298605653635235 0.275520079529967 0.253537768967712 0.232688342304333 0.21298891346373 0.194445174157254 0.177052511479593 0.160797139014525 0.145657223424014 0.131603990480391 0.1186027965782 0.106614153874886 0.0955946993110868 0.0854980998086422 0.0762758879008452 0.0678782238853468 0.0602545822807987 0.0533543618966688 0.0471274201790757 0.0415245336681309 0.0364977873921443 0.0320008968340903 0.0279894667425993 0.0244211915327576 0.0212560023436838 0.0184561660034422 0.0159863412131963 0.0138135972167924 0.0119074000852981 0.0102395715348143 0.0087842249241029 0.00751768276183674 0.00641837970409828 0.00546675465307923 0.00464513518892437 0.00393761718702621 0.00332994210068967 0.00280937403090725 0.00236457836490616 0.00198550344865485 0.00166326646659 0.0013900444376209 0.00115897099994273 0.000964039448475378 0.000800012308021551 0.000662337569950059 0.000547071590774349 0.000450808543705371 0.000370616228915432 0.000303977981086764 0.000248740363518091 0.000203066302583184 0.000165393294449331 0.000134396304321836 0.000108954976149553
# name: i
# type: scalar
5
# name: t
# type: matrix
# rows: 1
# columns: 2
 0 40
# name: depth
# type: matrix
# rows: 1
# columns: 101
 -100 -103.331482167162 -113.303747550722 -129.850498752496 -152.862056145467 -182.186568650955 -217.63168254303 -258.966642624233 -305.924793665944 -358.206444186315 -415.482049556891 -477.395667176725 -543.568633101366 -613.603407113722 -687.087531803283 -763.597650785785 -842.70353173209 -923.97204134664 -1006.97102178691 -1091.27302117274 -1176.45883471014 -1262.12081744675 -1347.86593467585 -1433.31852139361 -1518.12272787085 -1601.94463420217 -1684.47402252378 -1765.42580133118 -1844.54108187231 -1921.58791184318 -1996.36167648567 -2068.68518160747 -2138.40843695338 -2205.40816171034 -2269.58703669533 -2330.87272994076 -2389.21672395363 -2444.59297389448 -2496.9964263228 -2546.44142802103 -2592.9600537818 -2636.60038097294 -2677.42473723686 -2715.50794589489 -2750.93559157389 -2783.80232631441 -2814.21023401657 -2842.26726859192 -2868.0857786701 -2891.78112921026 -2913.47042793365 -2933.27136216555 -2951.30114948526 -2967.67560356006 -2982.50831470304 -2995.90994306153 -3007.98762092082 -3018.84445940095 -3028.57915383181 -3037.28568130723 -3045.0530833338 -3051.96532609198 -3058.10123060123 -3063.53446501026 -3068.3335913014 -3072.56215888472 -3076.27883784522 -3079.537584977 -3082.38783617278 -3084.87471922093 -3087.03928157772 -3088.91872821758 -3090.54666520467 -3091.95334516564 -3093.16591136578 -3094.20863759132 -3095.10316151434 -3095.86870965709 -3096.52231247829 -3097.07900847147 -3097.55203649478 -3097.95301584173 -3098.29211381532 -3098.57820078385 -3098.81899287803 -3099.02118263859 -3099.19055804252 -3099.33211042924 -3099.450131916 -3099.54830293927 -3099.62977058774 -3099.69721840545 -3099.75292834341 -3099.79883552709 -3099.83657648727 -3099.86753147516 -3099.89286145108 -3099.91354030063 -3099.93038279497 -3099.94406877301 -3099.95516398443
# name: slope
# type: matrix
# rows: 1
# columns: 101
 0 0.00333148216716199 0.00997226538355972 0.016546751201774 0.0230115573929716 0.0293245125054877 0.0354451138920754 0.041334960081203 0.0469581510417106 0.0522816505203714 0.0572756053705753 0.0619136176198344 0.0661729659246407 0.0700347740123566 0.0734841246895608 0.0765101189825023 0.0791058809463047 0.0812685096145501 0.0829989804402667 0.0843019993858343 0.085185813537395 0.0856619827366155 0.0857451172290996 0.0854525867177624 0.0848042064772405 0.0838219063313172 0.0825293883216048 0.0809517788074004 0.0791152805411298 0.0770468299708743 0.0747737646424921 0.0723235051217939 0.0697232553459094 0.0669997247569618 0.0641788749849929 0.0612856932454324 0.0583439940128715 0.0553762499408485 0.0524034524283211 0.0494450016982278 0.0465186257607697 0.0436403271911404 0.0408243562639227 0.0380832086580208 0.0354276456790026 0.0328667347405185 0.0304079077021624 0.0280570345753531 0.0258185100781784 0.0236953505401561 0.0216892987233941 0.0198009342318996 0.0180297873197142 0.0163744540747989 0.0148327111429749 0.013401628358492 0.0120776778592872 0.010856838480131 0.00973469443086424 0.00870652747542181 0.00776740202656265 0.00691224275818195 0.0061359045092463 0.00543323440902941 0.00479912629114824 0.00422856758331272 0.00371667896050349 0.00325874713178109 0.00285025119578404 0.00248688304814232 0.00216456235679061 0.00187944663986173 0.0016279369870872 0.00140667996097682 0.00121256620013219 0.00104272622554117 0.000894523923024735 0.000765548142753232 0.000653602821191271 0.000556695993185258 0.000473028023312054 0.000400979346947679 0.000339097973593653 0.00028608696852416 0.000240792094185963 0.000202189760555484 0.000169375403929735 0.000141552386723106 0.000118021486755879 9.81710232663318e-05 8.14676484746997e-05 6.74478177138553e-05 5.5709937960728e-05 4.5907183676718e-05 3.77409601746876e-05 3.09549878907092e-05 2.53299759183392e-05 2.06788495502224e-05 1.68424943431091e-05 1.36859780368468e-05 1.10952114205247e-05
# name: delta_dens_ip1
# type: matrix
# rows: 1
# columns: 101
 4.81980251265668e-08 3.1677304619393e-06 7.28042601139123e-06 1.32925280773577e-05 0 0 0 0 0 0 0 0 0 0 0 0 0 0 0 0 0 0 0 0 0 0 0 0 0 0 0 0 0 0 0 0 0 0 0 0 0 0 0 0 0 0 0 0 0 0 0 0 0 0 0 0 0 0 0 0 0 0 0 0 0 0 0 0 0 0 0 0 0 0 0 0 0 0 0 0 0 0 0 0 0 0 0 0 0 0 0 0 0 0 0 0 0 0 0 0 0
# name: density_background
# type: matrix
# rows: 1
# columns: 101
 28.4187640712698 28.4335690864996 28.4802981859587 28.558603763655 28.6679166078587 28.8074529731816 28.9762242513999 29.1730490585472 29.3965675130284 29.6452574428193 29.9174522300676 30.2113599791825 30.5250836801008 30.8566420318989 31.2039905930708 31.5650429331707 31.9376914754866 32.3198277411722 32.7093617308959 33.1042402095832 33.5024636922082 33.9021019628146 34.3013079940539 34.6983301696073 35.0915227461134 35.4793545239529 35.8604157268644 36.2334231184322 36.597223408649 36.9507950257945 37.2932483476604 37.6238245016612 37.9418928556394 38.2469473303294 38.5386016706267 38.8165838162425 39.0807295132216 39.3309753064205 39.5673510496404 39.7899720649431 39.9990310760136 40.1947900325215 40.3775719335169 40.5477527482132 40.7057535222768 40.8520327471668 40.987079059341 41.1114043254397 41.2255371590378 41.3300169043599 41.4253881126047 41.5121955273438 41.5909795869148 41.6622724439205 41.7265944949035 41.7844514070465 41.8363316233609 41.882704323287 41.9240178119177 41.9606983081583 41.9931491000121 42.0217500337799 42.0468573032461 42.0688035048051 42.0878979249218 42.1044270272273 42.1186551078631 42.1308250893358 42.1411594250502 42.1498610887975 42.1571146257124 42.1630872435336 42.167929925343 42.1717785472827 42.1747549870146 42.1769682108587 42.1785153296035 42.1794826148961 42.1799464698879 42.17997434941 42.1796256263914 42.1789524024967 42.1780002620672 42.1768089693889 42.1754131101058 42.173842678248 42.172123610863 42.1702782726443 42.168325893247 42.166282960182 42.1641635703053 42.161979742971 42.1597416979078 42.1574581008308 42.1551362797034 42.152782414445 42.1504017027355 42.1479985044059 42.1455764667389 42.1431386328237 42.1406875349376
# name: w_i
# type: matrix
# rows: 1
# columns: 101
 0 0 0 0 0 0 0 0 0 0 0 0 0 0 0 0 0 0 0 0 0 0 0 0 0 0 0 0 0 0 0 0 0 0 0 0 0 0 0 0 0 0 0 0 0 0 0 0 0 0 0 0 0 0 0 0 0 0 0 0 0 0 0 0 0 0 0 0 0 0 0 0 0 0 0 0 0 0 0 0 0 0 0 0 0 0 0 0 0 0 0 0 0 0 0 0 0 0 0 0 0
# name: h_i
# type: matrix
# rows: 1
# columns: 101
 0 0 0 0 0 0 0 0 0 0 0 0 0 0 0 0 0 0 0 0 0 0 0 0 0 0 0 0 0 0 0 0 0 0 0 0 0 0 0 0 0 0 0 0 0 0 0 0 0 0 0 0 0 0 0 0 0 0 0 0 0 0 0 0 0 0 0 0 0 0 0 0 0 0 0 0 0 0 0 0 0 0 0 0 0 0 0 0 0 0 0 0 0 0 0 0 0 0 0 0 0
# name: u_ip1
# type: global matrix
# rows: 1
# columns: 101
 0 0.0143967213410059 0.0377612230113716 0.0657250466945042 0 0 0 0 0 0 0 0 0 0 0 0 0 0 0 0 0 0 0 0 0 0 0 0 0 0 0 0 0 0 0 0 0 0 0 0 0 0 0 0 0 0 0 0 0 0 0 0 0 0 0 0 0 0 0 0 0 0 0 0 0 0 0 0 0 0 0 0 0 0 0 0 0 0 0 0 0 0 0 0 0 0 0 0 0 0 0 0 0 0 0 0 0 0 0 0 0
# name: theta_i
# type: matrix
# rows: 1
# columns: 101
 -1.8 -1.78703100253129 -1.77407298526776 -1.76113160581674 -1.748 -1.735 -1.722 -1.709 -1.696 -1.683 -1.67 -1.657 -1.644 -1.631 -1.618 -1.605 -1.592 -1.579 -1.566 -1.553 -1.54 -1.527 -1.514 -1.501 -1.488 -1.475 -1.462 -1.449 -1.436 -1.423 -1.41 -1.397 -1.384 -1.371 -1.358 -1.345 -1.332 -1.319 -1.306 -1.293 -1.28 -1.267 -1.254 -1.241 -1.228 -1.215 -1.202 -1.189 -1.176 -1.163 -1.15 -1.137 -1.124 -1.111 -1.098 -1.085 -1.072 -1.059 -1.046 -1.033 -1.02 -1.007 -0.994 -0.981 -0.968 -0.955 -0.942 -0.929 -0.916 -0.903 -0.89 -0.877 -0.864 -0.851 -0.838 -0.825 -0.812 -0.799 -0.786 -0.773 -0.76 -0.747 -0.734 -0.721 -0.708 -0.695 -0.682 -0.669 -0.656 -0.643 -0.63 -0.617 -0.604 -0.591 -0.578 -0.565 -0.552 -0.539 -0.526 -0.513 -0.5
# name: salt_ip1
# type: matrix
# rows: 2
# columns: 101
 34.7000007673527 34.6990072474302 34.6980132071195 34.6970253828352 34.696 34.695 34.694 34.693 34.692 34.691 34.69 34.689 34.688 34.687 34.686 34.685 34.684 34.683 34.682 34.681 34.68 34.679 34.678 34.677 34.676 34.675 34.674 34.673 34.672 34.671 34.67 34.669 34.668 34.667 34.666 34.665 34.664 34.663 34.662 34.661 34.66 34.659 34.658 34.657 34.656 34.655 34.654 34.653 34.652 34.651 34.65 34.649 34.648 34.647 34.646 34.645 34.644 34.643 34.642 34.641 34.64 34.639 34.638 34.637 34.636 34.635 34.634 34.633 34.632 34.631 34.63 34.629 34.628 34.627 34.626 34.625 34.624 34.623 34.622 34.621 34.62 34.619 34.618 34.617 34.616 34.615 34.614 34.613 34.612 34.611 34.61 34.609 34.608 34.607 34.606 34.605 34.604 34.603 34.602 34.601 34.6
 34.7000000593212 34.6990027021969 34.6980061003517 34.697011092324 34.696 34.695 34.694 34.693 34.692 34.691 34.69 34.689 34.688 34.687 34.686 34.685 34.684 34.683 34.682 34.681 34.68 34.679 34.678 34.677 34.676 34.675 34.674 34.673 34.672 34.671 34.67 34.669 34.668 34.667 34.666 34.665 34.664 34.663 34.662 34.661 34.66 34.659 34.658 34.657 34.656 34.655 34.654 34.653 34.652 34.651 34.65 34.649 34.648 34.647 34.646 34.645 34.644 34.643 34.642 34.641 34.64 34.639 34.638 34.637 34.636 34.635 34.634 34.633 34.632 34.631 34.63 34.629 34.628 34.627 34.626 34.625 34.624 34.623 34.622 34.621 34.62 34.619 34.618 34.617 34.616 34.615 34.614 34.613 34.612 34.611 34.61 34.609 34.608 34.607 34.606 34.605 34.604 34.603 34.602 34.601 34.6
# name: pressure
# type: matrix
# rows: 1
# columns: 101
 100 103.331482167162 113.303747550722 129.850498752496 152.862056145467 182.186568650955 217.63168254303 258.966642624233 305.924793665944 358.206444186315 415.482049556891 477.395667176725 543.568633101366 613.603407113722 687.087531803283 763.597650785785 842.70353173209 923.97204134664 1006.97102178691 1091.27302117274 1176.45883471014 1262.12081744675 1347.86593467585 1433.31852139361 1518.12272787085 1601.94463420217 1684.47402252378 1765.42580133118 1844.54108187231 1921.58791184318 1996.36167648567 2068.68518160747 2138.40843695338 2205.40816171034 2269.58703669533 2330.87272994076 2389.21672395363 2444.59297389448 2496.9964263228 2546.44142802103 2592.9600537818 2636.60038097294 2677.42473723686 2715.50794589489 2750.93559157389 2783.80232631441 2814.21023401657 2842.26726859192 2868.0857786701 2891.78112921026 2913.47042793365 2933.27136216555 2951.30114948526 2967.67560356006 2982.50831470304 2995.90994306153 3007.98762092082 3018.84445940095 3028.57915383181 3037.28568130723 3045.0530833338 3051.96532609198 3058.10123060123 3063.53446501026 3068.3335913014 3072.56215888472 3076.27883784522 3079.537584977 3082.38783617278 3084.87471922093 3087.03928157772 3088.91872821758 3090.54666520467 3091.95334516564 3093.16591136578 3094.20863759132 3095.10316151434 3095.86870965709 3096.52231247829 3097.07900847147 3097.55203649478 3097.95301584173 3098.29211381532 3098.57820078385 3098.81899287803 3099.02118263859 3099.19055804252 3099.33211042924 3099.450131916 3099.54830293927 3099.62977058774 3099.69721840545 3099.75292834341 3099.79883552709 3099.83657648727 3099.86753147516 3099.89286145108 3099.91354030063 3099.93038279497 3099.94406877301 3099.95516398443
# name: salt
# type: global matrix
# rows: 1
# columns: 101
 34.7 34.699 34.698 34.697 34.696 34.695 34.694 34.693 34.692 34.691 34.69 34.689 34.688 34.687 34.686 34.685 34.684 34.683 34.682 34.681 34.68 34.679 34.678 34.677 34.676 34.675 34.674 34.673 34.672 34.671 34.67 34.669 34.668 34.667 34.666 34.665 34.664 34.663 34.662 34.661 34.66 34.659 34.658 34.657 34.656 34.655 34.654 34.653 34.652 34.651 34.65 34.649 34.648 34.647 34.646 34.645 34.644 34.643 34.642 34.641 34.64 34.639 34.638 34.637 34.636 34.635 34.634 34.633 34.632 34.631 34.63 34.629 34.628 34.627 34.626 34.625 34.624 34.623 34.622 34.621 34.62 34.619 34.618 34.617 34.616 34.615 34.614 34.613 34.612 34.611 34.61 34.609 34.608 34.607 34.606 34.605 34.604 34.603 34.602 34.601 34.6
# name: salt_i
# type: matrix
# rows: 1
# columns: 101
 34.7000000593212 34.6990027021969 34.6980061003517 34.697011092324 34.696 34.695 34.694 34.693 34.692 34.691 34.69 34.689 34.688 34.687 34.686 34.685 34.684 34.683 34.682 34.681 34.68 34.679 34.678 34.677 34.676 34.675 34.674 34.673 34.672 34.671 34.67 34.669 34.668 34.667 34.666 34.665 34.664 34.663 34.662 34.661 34.66 34.659 34.658 34.657 34.656 34.655 34.654 34.653 34.652 34.651 34.65 34.649 34.648 34.647 34.646 34.645 34.644 34.643 34.642 34.641 34.64 34.639 34.638 34.637 34.636 34.635 34.634 34.633 34.632 34.631 34.63 34.629 34.628 34.627 34.626 34.625 34.624 34.623 34.622 34.621 34.62 34.619 34.618 34.617 34.616 34.615 34.614 34.613 34.612 34.611 34.61 34.609 34.608 34.607 34.606 34.605 34.604 34.603 34.602 34.601 34.6
# name: density_ip1
# type: matrix
# rows: 1
# columns: 101
 28.4187641194678 28.4335722542301 28.4803054663847 28.5586170561831 28.6679166078587 28.8074529731816 28.9762242513999 29.1730490585472 29.3965675130284 29.6452574428193 29.9174522300676 30.2113599791825 30.5250836801008 30.8566420318989 31.2039905930708 31.5650429331707 31.9376914754866 32.3198277411722 32.7093617308959 33.1042402095832 33.5024636922082 33.9021019628146 34.3013079940539 34.6983301696073 35.0915227461134 35.4793545239529 35.8604157268644 36.2334231184322 36.597223408649 36.9507950257945 37.2932483476604 37.6238245016612 37.9418928556394 38.2469473303294 38.5386016706267 38.8165838162425 39.0807295132216 39.3309753064205 39.5673510496404 39.7899720649431 39.9990310760136 40.1947900325215 40.3775719335169 40.5477527482132 40.7057535222768 40.8520327471668 40.987079059341 41.1114043254397 41.2255371590378 41.3300169043599 41.4253881126047 41.5121955273438 41.5909795869148 41.6622724439205 41.7265944949035 41.7844514070465 41.8363316233609 41.882704323287 41.9240178119177 41.9606983081583 41.9931491000121 42.0217500337799 42.0468573032461 42.0688035048051 42.0878979249218 42.1044270272273 42.1186551078631 42.1308250893358 42.1411594250502 42.1498610887975 42.1571146257124 42.1630872435336 42.167929925343 42.1717785472827 42.1747549870146 42.1769682108587 42.1785153296035 42.1794826148961 42.1799464698879 42.17997434941 42.1796256263914 42.1789524024967 42.1780002620672 42.1768089693889 42.1754131101058 42.173842678248 42.172123610863 42.1702782726443 42.168325893247 42.166282960182 42.1641635703053 42.161979742971 42.1597416979078 42.1574581008308 42.1551362797034 42.152782414445 42.1504017027355 42.1479985044059 42.1455764667389 42.1431386328237 42.1406875349376
# name: u_i
# type: matrix
# rows: 1
# columns: 101
 0 0.0232715742840747 0.055236367799234 0.0987080285339287 0 0 0 0 0 0 0 0 0 0 0 0 0 0 0 0 0 0 0 0 0 0 0 0 0 0 0 0 0 0 0 0 0 0 0 0 0 0 0 0 0 0 0 0 0 0 0 0 0 0 0 0 0 0 0 0 0 0 0 0 0 0 0 0 0 0 0 0 0 0 0 0 0 0 0 0 0 0 0 0 0 0 0 0 0 0 0 0 0 0 0 0 0 0 0 0 0
# name: theta
# type: global matrix
# rows: 1
# columns: 101
 -1.8 -1.787 -1.774 -1.761 -1.748 -1.735 -1.722 -1.709 -1.696 -1.683 -1.67 -1.657 -1.644 -1.631 -1.618 -1.605 -1.592 -1.579 -1.566 -1.553 -1.54 -1.527 -1.514 -1.501 -1.488 -1.475 -1.462 -1.449 -1.436 -1.423 -1.41 -1.397 -1.384 -1.371 -1.358 -1.345 -1.332 -1.319 -1.306 -1.293 -1.28 -1.267 -1.254 -1.241 -1.228 -1.215 -1.202 -1.189 -1.176 -1.163 -1.15 -1.137 -1.124 -1.111 -1.098 -1.085 -1.072 -1.059 -1.046 -1.033 -1.02 -1.007 -0.994 -0.981 -0.968 -0.955 -0.942 -0.929 -0.916 -0.903 -0.89 -0.877 -0.864 -0.851 -0.838 -0.825 -0.812 -0.799 -0.786 -0.773 -0.76 -0.747 -0.734 -0.721 -0.708 -0.695 -0.682 -0.669 -0.656 -0.643 -0.63 -0.617 -0.604 -0.591 -0.578 -0.565 -0.552 -0.539 -0.526 -0.513 -0.5
# name: theta_ip1
# type: matrix
# rows: 2
# columns: 101
 -1.8 -1.7870761682469 -1.77415224353425 -1.76128776457707 -1.748 -1.735 -1.722 -1.709 -1.696 -1.683 -1.67 -1.657 -1.644 -1.631 -1.618 -1.605 -1.592 -1.579 -1.566 -1.553 -1.54 -1.527 -1.514 -1.501 -1.488 -1.475 -1.462 -1.449 -1.436 -1.423 -1.41 -1.397 -1.384 -1.371 -1.358 -1.345 -1.332 -1.319 -1.306 -1.293 -1.28 -1.267 -1.254 -1.241 -1.228 -1.215 -1.202 -1.189 -1.176 -1.163 -1.15 -1.137 -1.124 -1.111 -1.098 -1.085 -1.072 -1.059 -1.046 -1.033 -1.02 -1.007 -0.994 -0.981 -0.968 -0.955 -0.942 -0.929 -0.916 -0.903 -0.89 -0.877 -0.864 -0.851 -0.838 -0.825 -0.812 -0.799 -0.786 -0.773 -0.76 -0.747 -0.734 -0.721 -0.708 -0.695 -0.682 -0.669 -0.656 -0.643 -0.63 -0.617 -0.604 -0.591 -0.578 -0.565 -0.552 -0.539 -0.526 -0.513 -0.5
 -1.8 -1.78703100253129 -1.77407298526776 -1.76113160581674 -1.748 -1.735 -1.722 -1.709 -1.696 -1.683 -1.67 -1.657 -1.644 -1.631 -1.618 -1.605 -1.592 -1.579 -1.566 -1.553 -1.54 -1.527 -1.514 -1.501 -1.488 -1.475 -1.462 -1.449 -1.436 -1.423 -1.41 -1.397 -1.384 -1.371 -1.358 -1.345 -1.332 -1.319 -1.306 -1.293 -1.28 -1.267 -1.254 -1.241 -1.228 -1.215 -1.202 -1.189 -1.176 -1.163 -1.15 -1.137 -1.124 -1.111 -1.098 -1.085 -1.072 -1.059 -1.046 -1.033 -1.02 -1.007 -0.994 -0.981 -0.968 -0.955 -0.942 -0.929 -0.916 -0.903 -0.89 -0.877 -0.864 -0.851 -0.838 -0.825 -0.812 -0.799 -0.786 -0.773 -0.76 -0.747 -0.734 -0.721 -0.708 -0.695 -0.682 -0.669 -0.656 -0.643 -0.63 -0.617 -0.604 -0.591 -0.578 -0.565 -0.552 -0.539 -0.526 -0.513 -0.5
# name: distance
# type: matrix
# rows: 1
# columns: 101
 0 1000 2000 3000 4000 5000 6000 7000 8000 9000 10000 11000 12000 13000 14000 15000 16000 17000 18000 19000 20000 21000 22000 23000 24000 25000 26000 27000 28000 29000 30000 31000 32000 33000 34000 35000 36000 37000 38000 39000 40000 41000 42000 43000 44000 45000 46000 47000 48000 49000 50000 51000 52000 53000 54000 55000 56000 57000 58000 59000 60000 61000 62000 63000 64000 65000 66000 67000 68000 69000 70000 71000 72000 73000 74000 75000 76000 77000 78000 79000 80000 81000 82000 83000 84000 85000 86000 87000 88000 89000 90000 91000 92000 93000 94000 95000 96000 97000 98000 99000 100000
